-0.7305 0.5564 -0.5417 -0.0171 0.4279 -0.7495 -0.5497 -0.0333 -0.0028 -0.0190 0.1227 -0.0254 0.1335 0.1016 
-0.7807 0.4054 -0.8172 0.2009 0.0836 -0.5197 -0.1522 -0.0062 -0.0054 -0.0213 0.0597 -0.0792 0.1195 0.1772 
-0.8718 0.6182 -0.4989 0.4875 0.4732 -0.1966 -0.2404 -0.0329 0.0228 0.0440 0.0222 -0.0139 0.0403 0.1914 
-0.6907 0.4986 -0.6695 0.0289 0.0090 -0.4284 0.1816 -0.0968 -0.0169 0.0095 -0.0594 -0.0390 -0.0494 0.0853 
-0.9398 0.6239 -0.3956 0.1798 0.3957 -0.5937 0.2402 -0.1074 -0.0455 -0.0283 -0.0657 0.0421 -0.0115 0.0258 
-1.2308 0.3181 -0.8215 0.0576 -0.0726 -0.5681 0.0339 -0.1681 -0.0487 -0.0244 -0.0330 0.0741 0.0272 -0.0975 
-1.1388 0.4811 -0.5644 0.1446 0.7244 -0.1844 -0.0373 -0.1846 -0.0605 -0.0388 -0.0679 0.0320 0.0702 -0.1974 
-1.4316 0.3262 -0.7074 -0.1183 0.2150 -0.4969 -0.1673 -0.2153 -0.0056 0.0256 0.0074 0.1115 -0.0500 -0.1373 
-1.7622 0.3171 -0.6467 -0.0720 0.4119 -0.2780 -0.6461 -0.2665 -0.0272 0.0124 -0.0520 -0.0841 -0.1236 -0.0783 
-1.9957 0.3720 -0.6525 0.2030 0.6411 -0.7714 -0.3481 -0.2352 0.0035 0.0638 -0.0366 0.0294 -0.0217 0.0838 
-2.1891 0.3221 -0.5298 -0.2760 0.0910 -0.6650 -0.3382 -0.1906 -0.0257 0.0695 -0.1269 -0.0043 -0.0248 0.2205 
-2.3939 0.3412 -0.4470 -0.1995 0.5227 -0.4118 0.0978 -0.1936 -0.0453 0.0225 -0.1879 -0.0463 -0.0317 0.0451 
-2.5162 0.2041 -0.4021 -0.5052 0.4497 -0.5816 0.2333 -0.2078 -0.0352 -0.0338 -0.1146 0.0496 0.0157 0.0405 
-2.8003 0.2043 -0.6041 -0.6219 0.2305 -0.9714 -0.4082 -0.1889 -0.0295 0.0249 -0.0206 0.0640 0.0850 0.0383 
-3.0248 0.2146 -0.6203 -0.6379 0.4850 -0.3068 0.1174 -0.1535 -0.0431 0.0516 0.0008 0.0448 0.1639 0.1063 
-3.0841 0.1884 -0.2134 -0.2361 0.8250 -0.1241 0.3474 -0.1518 -0.0758 0.0728 0.0411 0.0286 0.1428 0.2241 
-3.1418 -0.0036 -0.3396 -0.6942 0.3764 -0.1859 0.3870 -0.0486 -0.0613 0.0546 -0.0047 0.0144 0.0756 0.1211 
-3.5009 -0.0657 -0.3807 -0.3882 0.4279 -0.3177 0.5777 -0.0500 -0.0176 0.0602 -0.0689 -0.0541 -0.0580 0.0076 
-3.0592 0.0352 -0.2635 -0.5855 0.7558 0.1683 0.6077 0.0425 0.0020 0.0290 -0.0369 -0.0955 0.0879 0.0510 
-3.3753 0.0810 0.0493 -0.6348 0.3648 -0.5913 0.2752 0.0933 0.0198 0.0804 0.0406 -0.0500 0.1028 0.0337 
-2.9921 -0.0668 -0.4095 -0.7555 -0.0695 0.3902 0.7935 0.0685 0.0715 0.0374 0.1044 -0.0206 -0.0236 0.0170 
-3.0680 0.0842 0.0942 -0.1002 0.5906 0.0852 0.6533 0.0175 0.0602 -0.0384 0.0228 0.0363 0.0945 0.0068 
-2.8704 0.3912 -0.0991 -0.3308 0.5399 -0.2879 0.5038 -0.0354 0.0337 -0.0551 -0.0358 0.0951 -0.0203 -0.0164 
-3.3486 0.1530 -0.2980 -0.7330 0.2416 0.2202 0.4543 -0.0643 -0.0455 -0.1409 -0.0596 0.0474 -0.0001 -0.0300 
-3.0287 0.0675 -0.4887 -0.6183 0.5805 0.2212 0.8109 0.0050 -0.0874 -0.0760 0.0736 0.0381 0.0619 -0.0174 
-3.3104 0.0184 -0.4154 -0.2546 0.8073 -0.1698 0.3498 0.2354 0.0690 0.1947 0.2881 0.0941 -0.0105 -0.0288 
-2.8646 0.0213 -0.4206 -0.2022 0.4474 0.2165 0.4692 0.7584 0.2152 0.3096 0.4972 -0.2384 -0.0841 -0.0412 
-2.2538 0.5211 0.6415 0.4996 0.7786 0.1701 0.4810 1.1354 0.2396 0.3345 0.6188 -0.4206 -0.0017 0.0359 
0.2351 0.8923 0.5310 1.4904 -0.5970 -0.3694 0.5394 1.1296 0.1427 0.1677 0.6099 -0.5284 -0.0788 0.0516 
0.8170 0.7808 0.7815 1.9928 -0.7734 0.1144 0.4943 0.8709 -0.0156 0.0114 0.3496 -0.4165 -0.0466 0.0424 
1.2478 0.6050 0.3479 2.1007 -1.4186 -0.1495 0.7204 0.3642 -0.0944 0.0685 0.1235 0.0059 0.0218 -0.0381 
1.5943 0.5869 0.7902 1.9425 -0.8932 -0.1727 0.6027 0.3196 -0.0718 0.0660 0.0042 0.1531 -0.0129 0.0142 
1.6676 0.5171 0.8693 2.1332 -0.5077 -0.1166 0.2949 0.4379 -0.0417 0.0793 0.0413 0.1873 0.0087 -0.0222 
2.2054 0.4656 0.8507 1.9974 -0.4635 0.0333 0.7779 0.5595 -0.0169 -0.0973 0.1048 0.0533 -0.1031 0.1018 
3.1317 0.4573 0.7143 2.2796 -0.6971 -0.2088 0.5218 0.6008 0.0619 -0.1989 0.0164 0.0265 -0.2287 0.1133 
3.6598 0.5323 0.3813 2.3936 -0.5322 -0.6423 0.9985 0.5099 0.0922 -0.2141 -0.0896 0.1106 -0.2865 -0.0767 
3.9445 0.7934 0.1094 2.0171 -0.3407 -0.9223 0.7508 0.3413 0.1233 -0.1482 -0.2661 0.1852 -0.2213 -0.1550 
4.3485 0.7588 0.0825 1.6808 -0.0885 -1.0422 0.2799 0.3069 0.1215 -0.1382 -0.2751 0.1460 -0.1645 -0.1937 
4.4937 0.9604 0.1226 1.3055 0.0070 -1.1152 0.1060 0.3334 0.0939 -0.1605 -0.1966 0.1439 -0.2202 -0.1403 
4.9196 1.0565 -0.3164 1.3737 0.0240 -1.3685 0.3522 0.3585 0.0900 -0.2185 -0.1178 0.0498 -0.2017 -0.0516 
5.3262 1.1140 -0.4937 1.1875 0.3226 -1.8601 0.0132 0.3018 0.0740 -0.2146 -0.1065 -0.0135 -0.0940 -0.0650 
5.7247 1.1318 -0.7019 1.1508 0.0025 -1.6784 0.0681 0.1578 0.0853 -0.1600 -0.1332 -0.0608 0.0196 -0.0630 
5.6001 1.2926 -0.7577 0.8846 -0.0496 -1.4303 -0.0769 -0.0025 0.0987 -0.1391 -0.0504 -0.1484 0.1508 0.0154 
5.5714 1.3937 -0.9845 0.8590 -0.0938 -1.4853 0.0824 -0.1653 0.1410 -0.0945 -0.1162 -0.1060 0.2691 -0.0245 
5.3904 1.4764 -1.0481 1.0813 -0.3713 -1.2026 0.0831 -0.1977 0.0973 -0.0124 -0.1883 -0.0111 0.2626 0.0277 
5.0031 1.7450 -1.0293 0.4713 -0.3665 -0.4464 -0.1344 -0.2487 0.0612 0.1087 -0.2511 0.0390 0.1546 0.1455 
4.8958 1.6033 -0.7974 0.1368 0.0312 -0.6368 0.1699 -0.2188 0.0454 0.1630 -0.3587 0.1032 -0.0186 0.1289 
4.5754 1.6362 -0.5662 0.0758 -0.1000 -0.9953 0.7663 -0.1168 -0.0178 0.1215 -0.3330 0.1045 -0.1423 0.0536 
4.5102 1.7580 -0.4646 -0.5146 0.0112 -1.0212 0.2775 -0.1862 -0.0254 0.0377 -0.2664 0.0026 -0.0787 -0.0928 
4.6121 1.5788 -0.5882 -0.8678 0.1660 -0.9659 0.0798 -0.1468 -0.0983 -0.0731 -0.1949 -0.0122 -0.0376 -0.1345 
3.9463 1.5052 -0.5979 -0.7233 -0.0886 -1.0450 0.0493 -0.1959 -0.1610 -0.0476 -0.0572 -0.0566 -0.0600 0.0374 
4.1232 1.2712 -0.8652 -0.7946 -0.1113 -1.1716 0.2080 -0.3627 -0.1080 0.1370 0.0315 -0.0730 0.0718 0.0817 
3.7752 1.1066 -0.5641 -0.8371 -0.1333 -1.2183 0.4006 -0.5433 -0.2258 0.2016 0.0150 -0.0121 0.4276 -0.0239 
2.8841 1.2378 0.0799 -0.6532 -0.1766 -0.5204 0.3128 -0.6455 -0.3714 0.4014 0.0781 -0.0065 0.5955 -0.2428 
1.8491 0.3928 -0.0623 -0.7190 -0.1166 0.7674 -0.1226 -0.4515 -0.5553 0.4542 0.0573 -0.0922 0.5920 -0.2116 
1.8587 -0.2291 0.8909 -0.4632 -0.1522 0.8132 -0.7443 -0.1899 -0.6814 0.2841 -0.0225 -0.0782 0.3244 -0.2176 
2.0305 -0.9365 1.3012 -0.6454 -0.6066 1.0747 -0.1288 -0.0261 -0.5363 0.1738 0.0447 -0.0907 -0.0168 -0.1625 
1.8441 -1.5045 0.8185 -0.8025 -0.3227 0.9482 -0.7719 0.0950 -0.2687 -0.0717 0.0359 -0.0956 -0.0068 -0.1055 
1.7259 -1.6511 0.8427 -0.3257 -0.4850 0.6157 -0.9215 0.0102 -0.1135 -0.1241 0.1233 -0.0322 -0.0293 -0.1588 
2.4857 -1.2151 0.7619 -0.4438 -0.6912 1.0085 -0.8753 0.0067 -0.0341 -0.1284 0.0886 -0.1180 0.0053 -0.0172 
1.7605 -1.6485 0.7090 -0.2081 -0.5832 0.8980 -0.8713 -0.0144 -0.0328 -0.1177 -0.0175 -0.1203 0.0286 -0.0067 
1.8601 -1.6765 0.2431 -0.4182 -0.8637 0.8335 -0.8832 -0.0480 -0.0377 -0.0325 0.0020 -0.0495 -0.0532 -0.0130 
1.9666 -1.5846 0.5136 -0.4260 -1.0004 0.8461 -0.9510 0.1249 0.0540 0.0356 0.0296 -0.0372 -0.0132 0.0536 
2.1426 -1.4357 0.6973 -0.3251 -0.7302 0.7683 -0.9005 0.0191 -0.0157 0.0705 0.0083 -0.0075 0.0803 0.0893 
2.2437 -1.4987 0.6598 -0.1068 -0.8359 0.8646 -0.5946 -0.0681 -0.0676 -0.0650 -0.0254 0.0912 0.1676 0.0827 
1.8168 -1.7981 0.5224 -0.5364 -0.9836 1.2259 -0.6149 -0.1524 -0.0604 -0.1109 -0.1057 0.0429 0.0253 -0.1522 
1.7890 -1.7413 0.2763 -0.4473 -0.4176 1.4553 -0.6806 -0.0810 -0.0151 -0.0690 -0.0877 0.1153 -0.0565 -0.0883 
1.6082 -1.6163 0.3344 -0.6831 -0.7250 0.5993 -1.6184 0.0157 0.0361 0.0211 -0.0017 0.1063 -0.1613 -0.0795 
1.9432 -1.6649 0.4087 -0.4718 -0.3889 0.8955 -0.5342 0.0090 0.0344 0.1252 -0.0085 -0.0397 -0.0617 -0.0267 
1.8180 -1.6557 0.5617 -0.5328 -0.4663 0.6992 -1.0856 -0.0599 -0.0126 0.1039 0.0757 -0.0014 0.0640 0.1559 
1.7293 -1.5494 0.7884 -0.5650 -0.7456 1.0967 -1.0803 -0.0395 0.0220 0.0757 0.0131 -0.0803 0.0362 0.0474 
1.4159 -1.7369 0.6639 -0.2582 -0.5535 0.8187 -0.5660 -0.1396 -0.0833 -0.0107 0.0286 -0.0029 0.1477 0.2100 
1.9465 -1.5143 0.7362 -0.5438 -0.7467 1.0167 -0.5568 -0.0481 -0.1085 -0.0890 -0.0656 -0.0516 0.0973 0.0464 
1.0112 -2.0897 0.5342 -0.4006 -0.4801 1.4779 -0.2975 0.1205 0.0296 -0.0261 -0.0333 -0.1132 0.0973 -0.1211 
1.6910 -1.9157 0.4081 -0.8219 -1.0401 1.2535 -0.9825 0.0088 0.0339 0.0307 0.0748 -0.1649 -0.0262 -0.1499 
2.1461 -1.3883 0.6977 -0.2854 -0.9731 1.1868 -0.9587 0.0472 0.0932 0.0453 0.0698 -0.0650 -0.1236 -0.1081 
1.4233 -1.6957 0.8079 -0.2272 -1.3246 1.0313 -0.9757 -0.2333 0.0381 0.0603 0.1765 0.0214 -0.0771 0.0123 
1.3812 -1.7339 0.5608 -0.3491 -0.6628 0.9709 -0.8417 -0.4617 0.0678 -0.0856 0.1702 0.0019 -0.0905 0.2556 
0.9068 -1.5522 0.7779 0.0922 -1.0880 0.9762 -0.9797 -0.5391 0.2962 -0.1334 0.1761 0.0006 -0.0545 0.3139 
0.0957 -1.1209 0.2850 0.4061 -1.0819 0.7618 0.3211 -0.7042 0.4967 -0.1565 0.1332 0.0330 -0.1123 0.2835 
-0.6296 -0.5210 0.2786 0.2759 -1.1118 0.8634 0.0126 -0.7460 0.4666 -0.2195 -0.0408 0.2894 -0.1252 0.2456 
-1.3714 0.2340 0.0281 0.2250 -0.4859 0.4656 0.0797 -0.5556 0.3515 -0.0779 -0.1485 0.4732 -0.1716 0.0098 
-2.0897 0.1032 -0.1910 -0.0210 0.0612 0.4981 0.3692 -0.3979 0.1975 0.0606 -0.0670 0.5539 -0.1546 0.0166 
-1.9523 0.3246 0.1302 -0.1877 0.6974 0.0862 0.1919 -0.2191 0.0306 0.1186 -0.0766 0.3094 -0.0473 -0.0428 
-2.3287 0.4212 0.5304 0.1474 1.0658 0.2803 0.0397 -0.1181 0.0056 0.0423 -0.0459 0.1353 0.0247 0.0288 
-2.3476 0.2282 0.2603 -0.2424 0.5588 0.3380 0.0305 -0.1574 -0.0628 -0.0258 0.0362 -0.0474 0.1035 0.0669 
-2.4823 0.1795 -0.0446 -0.2232 0.8068 0.4957 0.5936 -0.0981 -0.0580 -0.1049 -0.0459 -0.1001 -0.0144 0.0848 
-2.6623 0.1315 0.2890 0.1785 0.5897 0.4958 0.2493 -0.2366 -0.1003 -0.0257 -0.0060 -0.0785 -0.1412 -0.0799 
-2.6617 0.1794 -0.0083 -0.2926 0.5500 0.1292 0.3541 -0.1983 -0.0994 -0.0560 -0.0986 -0.1860 -0.1632 -0.1721 
-3.4408 -0.2730 0.1136 -0.2379 0.2945 -0.1846 -0.2492 -0.1023 -0.0772 -0.1022 -0.1470 -0.0787 -0.0515 0.0438 
-3.0847 -0.1150 -0.2369 -0.5078 0.0243 0.0202 -0.0177 -0.0183 -0.0134 -0.0489 0.0271 0.0965 0.0035 0.0610 
-2.9622 -0.1072 -0.1076 -0.4492 0.4591 0.2931 0.6543 0.0843 0.0826 0.0867 0.0471 0.1792 -0.0069 0.1141 
-2.9927 0.0293 -0.1424 -0.0515 0.9503 -0.0919 0.2073 0.0046 0.0658 0.0995 -0.0080 0.1358 -0.0435 0.0345 
-3.0652 0.0677 0.5000 -0.2306 0.7274 -0.1628 0.2089 0.0754 0.0796 0.0072 -0.0455 -0.0172 -0.0576 -0.1092 
-3.0100 0.1264 -0.0430 -0.6571 0.5693 0.0304 0.3775 0.0312 0.0024 -0.0694 -0.0744 -0.0865 0.1391 -0.0028 
-2.5768 0.2420 -0.1213 -0.3739 0.5637 -0.0561 0.0229 -0.0105 -0.0227 -0.1286 -0.0607 -0.1564 0.0485 0.0096 
-3.0810 -0.0458 -0.1786 -0.3521 0.5998 0.5500 0.2864 -0.0311 -0.0455 -0.0130 0.0693 -0.0667 -0.0347 0.0275 
-3.0823 0.0400 -0.0750 -0.6864 -0.0696 -0.1799 0.3024 -0.0528 -0.0460 0.0268 -0.0221 -0.0039 -0.0192 0.0719 
-2.9128 -0.0002 -0.1309 -0.1545 0.5524 -0.0811 0.3751 0.0628 0.0253 0.0281 0.0468 0.1354 -0.0811 -0.0725 
-2.9251 -0.0108 -0.0110 -0.5830 0.5679 0.1638 0.3381 0.0308 -0.0053 0.0371 0.1270 0.2775 0.0474 -0.1682 
-2.8458 0.1061 -0.0701 -0.1697 0.9582 -0.0273 -0.0938 -0.0272 0.0222 0.0031 0.0098 0.0506 0.0488 -0.1507 
-2.9618 -0.0394 0.0798 -0.0439 1.1151 0.0304 -0.3041 0.0118 0.0464 -0.0074 0.0459 -0.0732 -0.0212 -0.1237 
-3.0302 0.1249 -0.1611 -0.3751 0.5319 0.2296 -0.0572 0.0260 0.0362 0.0072 -0.0308 -0.2065 0.0429 0.1247 
-2.7739 0.2115 -0.0026 -0.2509 0.4153 -0.0707 -0.2989 -0.0331 -0.0105 -0.0681 -0.0178 -0.1200 0.0292 0.2448 
-2.8099 0.1618 0.0070 -0.2202 0.2758 0.2376 0.5270 -0.0058 0.0227 0.0059 -0.0329 0.0229 0.0268 0.1393 
-3.2374 -0.1103 -0.3447 -0.2106 0.6430 0.1723 0.6277 -0.0306 0.0233 -0.0675 -0.0966 0.0635 -0.0145 0.0961 
-2.8274 0.3994 0.0397 -0.5596 0.5326 0.2420 0.1759 -0.0529 -0.0047 -0.0413 -0.1230 0.0414 -0.0713 -0.0544 
-2.9182 0.2094 -0.3565 -0.5641 0.6046 -0.1455 0.3569 -0.0400 -0.0244 0.0069 -0.0994 -0.0312 -0.0467 -0.0260 
-3.2340 -0.0217 -0.1935 -0.6582 0.5021 0.0399 0.3904 -0.1129 -0.1073 -0.0303 -0.0291 -0.0163 -0.0219 0.0463 
