-2.6539 -0.0757 -0.4098 -0.6256 -0.3183 -0.3867 -0.0445 0.0496 0.0210 0.0850 0.1414 0.1496 0.0490 0.0528 
-2.2268 0.0585 -0.0768 -0.2945 0.3805 0.1042 -0.0158 0.0336 0.0324 0.0895 0.0784 0.1600 0.1080 0.0410 
-2.6194 -0.0379 -0.1515 -0.0839 0.0801 -0.3874 0.2052 0.0248 0.0156 -0.0222 -0.0150 0.0909 0.1570 0.0416 
-2.5030 0.0676 -0.0913 -0.5043 0.2827 0.1536 0.0357 -0.0791 -0.0325 -0.0762 -0.0695 -0.0593 0.0831 0.0230 
-2.3917 -0.0021 -0.5136 -0.5955 0.1849 0.3737 0.1377 0.0111 0.0064 -0.0195 -0.0692 -0.0155 0.0620 0.0520 
-2.7362 -0.1219 -0.2766 -0.3860 0.0316 0.1392 0.1332 -0.0133 -0.0383 0.0126 0.0230 -0.0433 -0.1614 -0.0328 
-2.4473 0.0890 -0.1563 -0.4889 0.1282 -0.0700 0.4166 -0.0301 0.0009 0.0774 0.0904 0.0199 -0.1853 -0.0288 
-2.5417 -0.1692 -0.2069 -0.4429 0.0947 -0.4313 -0.2679 0.0320 0.0413 0.0415 -0.0038 0.0478 -0.0768 -0.0683 
-2.6394 0.0261 -0.1613 -0.1151 0.2528 -0.2677 0.1941 -0.0599 -0.0282 -0.0436 -0.0488 -0.0719 -0.0832 -0.1074 
-2.4804 0.1160 -0.0668 -0.5920 0.2086 -0.1462 -0.0971 -0.0430 -0.0067 -0.0633 -0.1013 -0.1562 -0.0895 -0.0532 
-2.7777 -0.1946 -0.4442 -0.6586 -0.2880 -0.6283 -0.2057 0.0148 -0.0384 -0.0708 -0.0927 -0.0728 -0.0517 -0.0101 
-2.6873 -0.0923 -0.3821 -0.6777 -0.4159 -0.6983 -0.3339 -0.0222 -0.0554 -0.1069 0.0134 0.0166 0.0798 0.1266 
-2.4617 -0.0618 -0.3575 -0.5355 0.2008 -0.2500 0.2619 0.0188 -0.0103 -0.0399 0.0010 0.0826 0.1214 0.0624 
-2.7493 -0.2272 -0.6448 -0.5865 0.0471 0.0636 0.3023 -0.0093 -0.0350 0.0034 0.0666 0.1664 0.1923 0.0333 
-2.6526 -0.1786 -0.5123 -0.6993 -0.1065 -0.4022 -0.2120 -0.0205 0.0009 0.0414 0.0712 0.1030 0.0155 -0.0723 
-2.6383 -0.2090 -0.2875 -0.2630 0.5694 0.3396 0.0695 0.0215 0.0341 0.0066 0.0296 0.1052 0.0254 0.0806 
-2.6198 -0.0664 -0.3289 -0.3413 0.4548 -0.3103 0.0166 0.0654 0.0799 0.0063 0.0156 0.1444 0.0093 0.1305 
-2.6584 -0.1128 -0.7036 -0.6174 0.2923 0.1447 0.5909 0.0633 0.0713 0.0214 0.0199 0.0272 -0.0737 0.0423 
-2.3158 0.1727 -0.2728 -0.4441 0.7541 -0.2581 0.1796 0.0172 -0.0119 -0.0262 -0.0230 -0.0536 -0.0228 -0.1290 
-2.4738 0.0281 -0.2088 -0.1120 0.5558 -0.0552 0.1994 -0.0353 -0.0430 0.0113 -0.0703 -0.3175 -0.1434 -0.2204 
-2.6262 -0.1963 -0.7072 -0.7091 0.0549 -0.3244 -0.4325 -0.0127 -0.0546 -0.0085 -0.0394 -0.2657 -0.0339 -0.0475 
-2.6798 -0.1431 -0.4298 -0.8362 -0.9456 -0.5393 -0.2050 0.0153 0.0256 0.0318 0.0113 -0.0030 -0.0595 -0.0596 
-2.2762 -0.0145 -0.2050 -0.2791 0.1763 -0.1855 0.1441 0.0200 0.0745 0.1545 0.2180 0.2743 0.1725 0.1003 
-2.5721 0.0650 -0.3011 -0.2707 0.4800 -0.4223 -0.3871 -0.0211 0.0263 0.0978 0.2374 0.4020 0.1644 0.0278 
-2.5802 0.0719 0.0009 0.0982 0.7136 0.4794 0.1600 -0.0596 0.0143 0.0736 0.0813 0.0889 0.0317 -0.0268 
-2.6331 -0.0551 -0.0438 0.1620 0.7958 -0.0500 -0.0739 0.0115 -0.0266 -0.0167 0.0073 -0.0683 0.0006 0.1063 
-2.5437 0.1170 0.0343 -0.0888 0.4627 -0.2134 -0.1467 0.0241 -0.0298 -0.0801 -0.0478 -0.1967 -0.1986 0.0699 
-2.5327 -0.0905 -0.4012 -0.1406 0.2641 -0.0731 0.2976 0.0373 0.0035 -0.1006 -0.0696 -0.2380 -0.0087 0.1269 
-2.5100 -0.0595 -0.2209 0.0106 -0.0042 -0.5022 0.3236 0.0998 -0.0170 -0.0301 0.0882 -0.1622 -0.0953 0.1786 
-2.4635 0.0509 -0.4194 -0.2356 -0.1607 0.0512 0.3254 0.1848 0.0477 0.0780 0.1469 -0.0874 -0.0658 0.0599 
-2.0795 -0.0384 -0.1073 0.3998 -0.1357 -0.7522 0.7326 0.2401 0.0191 0.0446 0.1761 0.0289 0.0309 0.1189 
-1.8240 0.1376 -0.0680 0.3994 -0.1070 -0.2770 0.3928 0.1963 -0.0121 0.1169 0.2516 0.1467 0.0465 0.0090 
-1.6294 -0.0075 -0.1738 0.5736 0.1135 -0.1836 0.8845 0.2945 0.0053 0.1911 0.2104 0.0960 0.2483 0.0270 
-1.7071 -0.0249 0.1982 0.9356 0.4482 -0.0005 0.2945 0.8522 0.2055 0.2898 0.3430 -0.1175 0.0408 0.0183 
-0.6657 0.0694 0.7150 1.1835 0.0667 0.3510 0.9166 1.4244 0.2340 0.2016 0.2843 -0.1934 -0.1646 -0.1005 
1.9553 1.1265 0.9369 1.8095 -0.6713 -0.3401 0.4684 1.5830 0.1909 0.0434 0.2485 -0.2032 -0.4062 0.0090 
3.6614 0.5870 0.4649 1.5579 -0.2938 -0.8367 0.2953 1.2586 0.0862 -0.0707 0.1893 -0.0447 -0.4193 -0.1131 
4.0445 0.6710 0.5403 1.9909 -0.3875 -1.4377 0.6502 0.7806 -0.0813 -0.0881 0.0777 0.1229 -0.2959 -0.0931 
4.5826 0.7284 0.5597 2.0391 -0.2988 -1.1965 0.2605 0.6200 0.0155 -0.0409 0.0728 0.0630 -0.2173 -0.0877 
5.3976 0.6492 0.4488 1.9573 -0.0542 -1.6399 0.0205 0.6604 0.0295 -0.1428 -0.0496 0.0570 -0.1388 -0.1900 
6.0848 0.6753 0.3061 1.9386 -0.1453 -1.8220 0.1718 0.5340 0.0968 -0.2100 -0.1177 0.0615 -0.1771 -0.1138 
6.5953 0.8451 -0.0471 1.7930 -0.1793 -1.8187 -0.2557 0.3388 0.1719 -0.2338 -0.1667 0.0600 -0.0983 -0.0422 
6.6536 1.1143 -0.2422 1.5327 0.0712 -1.9923 -0.1706 0.2221 0.1659 -0.2253 -0.2584 0.1176 -0.0755 -0.0306 
6.8071 1.2892 -0.4463 1.3269 0.1373 -2.0464 -0.0193 0.1548 0.0864 -0.1281 -0.2960 0.0824 0.0182 0.0461 
7.0892 1.2829 -0.6209 0.8795 0.2845 -2.0854 -0.0993 0.1099 0.0175 -0.0783 -0.2918 0.0979 0.1202 0.0703 
7.1517 1.1928 -0.4983 0.6396 0.1260 -1.6811 -0.0608 -0.0029 -0.0171 -0.0101 -0.2914 0.1174 0.1770 0.0291 
7.0308 1.2501 -0.6076 0.4175 0.5666 -1.5742 0.2018 -0.1717 -0.0217 0.0326 -0.2354 0.0818 0.1197 0.0935 
6.8216 1.2204 -0.5036 0.1010 0.5831 -1.4168 -0.0242 -0.3070 -0.0084 0.0475 -0.2078 0.0147 0.1905 0.0294 
6.3960 1.1607 -0.4551 -0.0279 0.4647 -1.6192 0.3497 -0.2938 -0.0859 0.1242 -0.1058 -0.1290 0.2711 0.0117 
5.9342 1.1954 -0.3372 -0.1765 0.2506 -0.7060 0.0122 -0.1254 -0.1065 0.0656 -0.0548 -0.1854 0.2311 0.0850 
6.0055 0.8332 -0.0698 0.0272 0.0876 -0.5742 0.2423 -0.0368 -0.1018 0.0401 0.0348 -0.1413 0.1480 0.1027 
6.3900 0.8514 -0.3681 -0.2006 -0.1554 -0.7840 0.4543 -0.1074 0.0047 -0.0206 0.0741 -0.0157 0.0302 0.0537 
5.9839 0.8238 -0.2393 0.1580 -0.0387 -0.8404 0.6420 -0.5032 0.0526 -0.0192 0.1183 0.1682 0.0564 0.0566 
5.4082 1.2238 -0.3553 0.1285 0.2353 -0.4221 0.0809 -0.7201 -0.0213 0.0770 0.1564 0.2656 0.2729 -0.0967 
3.9801 0.9100 -0.1722 0.4543 0.7333 -0.4734 0.7118 -0.4638 -0.1430 0.0821 -0.0026 0.0145 0.3797 -0.2885 
3.7913 0.7017 -0.0169 0.4335 0.7863 0.3970 -0.0640 -0.1280 -0.3830 0.1806 -0.1009 -0.3066 0.3171 -0.2377 
4.4734 0.3699 0.0019 -0.0074 -0.2419 0.6487 -0.7282 0.1924 -0.4781 0.2090 -0.1062 -0.4858 0.2984 -0.2649 
4.5215 -0.4210 0.4608 -0.1453 -0.8099 0.6022 -0.3877 0.1293 -0.4881 0.1493 -0.0674 -0.3865 0.2440 -0.0720 
4.5767 -0.9189 0.6339 0.2129 -0.8976 0.9162 -0.4510 -0.0404 -0.4252 0.1161 -0.0881 -0.1797 0.1449 -0.2112 
4.3862 -1.0945 0.4134 -0.0135 -0.8181 1.4831 -0.5627 -0.1567 -0.2802 0.0904 -0.1154 -0.0144 0.1355 -0.3175 
4.3392 -1.4195 0.6060 -0.5140 -1.1365 0.9326 -1.6969 -0.2475 -0.2108 0.0505 -0.1192 -0.0144 0.0269 -0.1541 
3.8569 -1.5718 0.9268 -0.3587 -0.7622 1.2715 -1.3524 -0.3251 -0.1779 0.1365 -0.0531 -0.0419 0.0079 -0.1326 
3.6039 -1.7344 0.6299 -0.2105 -0.9975 1.1567 -0.8268 -0.3166 -0.0872 0.0635 0.0781 -0.0078 0.0285 0.0900 
3.1282 -1.8267 1.0840 -0.4306 -1.0972 1.4108 -1.6609 -0.1761 -0.0203 -0.0425 0.0325 -0.0204 -0.0284 0.0628 
3.1207 -1.7282 0.8451 -0.0876 -1.0079 1.0053 -1.0926 -0.2213 -0.0035 -0.0611 0.0296 -0.0361 0.0173 0.0443 
3.2178 -1.6763 0.6066 -0.2578 -0.8589 1.2055 -0.9052 -0.2288 -0.0415 -0.1576 0.0184 -0.0051 0.0168 0.0759 
2.4525 -1.8269 0.5629 -0.1490 -1.2972 1.3459 -0.9832 -0.1707 -0.0356 -0.0723 0.0278 -0.0085 0.1092 0.0440 
2.3184 -1.9850 0.4372 -0.3081 -0.9783 1.3245 -1.3360 -0.0516 0.0116 -0.0505 0.0596 -0.0191 -0.0317 0.0446 
2.7167 -1.7517 0.5684 0.0766 -0.9907 1.4919 -0.6571 0.1834 0.1070 -0.0005 0.0775 0.0427 -0.0792 0.0037 
2.8275 -1.6561 0.3513 -0.0728 -1.1077 0.9740 -0.8453 0.1241 0.0774 0.0488 0.0864 0.0117 -0.1114 0.0542 
3.1151 -1.4561 0.6034 0.1210 -1.0192 1.1252 -1.2103 0.0277 0.0058 0.0154 0.0004 -0.0310 -0.0941 -0.1591 
2.7396 -1.7457 0.6639 0.1019 -0.9054 0.9509 -0.7886 0.0248 0.0656 -0.0219 -0.0066 0.0007 0.0415 0.0416 
2.8993 -1.6780 0.4889 -0.0087 -1.2468 1.0329 -1.4808 -0.0823 0.1417 -0.1144 0.0155 0.0482 0.0700 0.2489 
3.0596 -1.2171 0.2989 -0.0410 -0.9906 1.2277 -0.5019 -0.2221 0.2856 -0.1137 0.0386 -0.0034 0.1017 0.1152 
2.5434 -1.0118 0.2137 0.2700 -0.7358 1.3366 -0.1093 -0.4288 0.3990 -0.0442 0.0593 0.1374 0.0513 0.2855 
1.8071 -0.6509 0.2331 0.1555 -1.1779 1.3075 -0.8983 -0.6730 0.4280 -0.0321 0.0780 0.0816 -0.0154 0.1430 
1.3815 0.0339 0.3008 0.1897 -0.4661 1.2492 0.1449 -0.6208 0.4234 -0.0400 0.0404 0.1090 -0.1808 0.2839 
0.2755 0.4002 0.0947 0.3894 -0.7173 1.1944 0.0860 -0.5356 0.3150 -0.0283 0.0811 0.2931 -0.1332 0.3954 
0.2050 0.5795 0.0830 0.3552 -0.4211 0.4889 0.8179 -0.3201 0.2188 0.0415 0.0333 0.2052 -0.2284 0.2371 
-0.2824 0.6512 0.2007 0.4781 0.2653 1.0217 0.7423 0.0239 0.1126 0.0733 -0.0910 0.3079 -0.2444 0.1356 
0.0598 1.0023 0.4551 0.3118 0.0684 0.1936 1.0025 -0.1088 0.0384 0.0889 -0.0940 0.1676 -0.1255 -0.1648 
0.4679 0.7517 0.2751 -0.0437 0.5773 0.1202 0.6717 -0.2006 -0.0472 0.0932 -0.0156 0.0539 -0.1480 -0.3442 
-0.7141 0.7211 0.4901 0.1459 0.2611 0.3119 0.0292 -0.3323 -0.0902 0.1051 0.0536 0.0201 0.0208 -0.3471 
-0.8987 0.5560 0.6494 0.4828 0.4384 0.2224 -0.4923 -0.3183 -0.0825 0.0368 0.0773 0.0381 0.1406 -0.0529 
-0.9185 0.6493 0.7936 0.3163 0.2386 0.2463 -0.1508 -0.1617 -0.1405 -0.0735 -0.0326 0.0550 0.0961 0.1638 
-1.0215 0.3750 0.3072 0.2575 0.7791 0.8559 0.4973 -0.2673 -0.1688 -0.1224 -0.1538 -0.0552 0.0058 0.1035 
-1.4614 0.1089 0.2937 0.0956 0.3657 0.4754 0.3536 -0.2677 -0.1418 -0.0528 -0.1094 -0.0650 0.0337 0.0251 
-1.9640 -0.0177 0.2873 -0.1761 0.0987 0.1370 -0.2270 -0.1360 -0.0107 0.1168 -0.0108 -0.0163 -0.1183 -0.2412 
-1.7858 0.1365 0.5393 -0.0141 0.2539 0.7744 0.3368 0.0163 0.0233 0.0348 -0.0194 0.0462 -0.1476 -0.2085 
-1.5391 0.3075 0.7683 0.2585 0.7536 0.1151 -0.7001 0.1124 0.0178 -0.0359 0.0575 0.1317 -0.0449 -0.1013 
-1.5923 0.0628 0.2274 -0.2185 0.2694 -0.2517 -0.4522 0.0121 -0.0292 -0.1202 0.0136 0.0596 -0.0995 -0.0180 
-1.4989 0.1080 0.2636 0.2134 0.7493 0.4254 -0.3388 -0.1559 -0.0779 -0.1976 -0.0817 -0.1471 0.0001 0.1088 
-1.7452 0.0902 0.1908 0.0766 0.5539 0.1218 0.0664 -0.2148 -0.0902 -0.0788 -0.0141 -0.0165 0.1169 0.2165 
-2.2420 -0.0955 -0.2011 -0.2977 -0.1244 -0.0712 -0.4155 -0.1559 -0.0116 0.0238 -0.0407 -0.1553 -0.0448 0.1813 
-2.2945 -0.2862 0.0657 -0.0336 0.6239 0.5810 0.6686 -0.0385 0.0012 0.0051 -0.0806 -0.1449 -0.0103 0.1190 
-2.0037 0.2383 0.4453 0.0652 -0.0624 -0.0280 0.2667 0.0351 0.0885 0.0564 -0.0064 -0.1010 -0.0557 0.0109 
-2.0567 -0.0705 -0.1067 -0.5080 -0.2016 0.0489 0.3205 0.0136 0.1203 -0.0105 -0.1099 -0.0609 -0.1286 -0.1777 
-2.1853 0.2394 0.1669 -0.0923 -0.2166 -0.0837 -0.1872 -0.0657 0.0100 -0.0857 -0.0070 0.1888 -0.0536 -0.0646 
-2.1358 0.3148 0.1522 -0.5044 0.3964 -0.0341 0.0072 -0.0782 0.0277 -0.0352 0.0704 0.1879 0.1156 0.1047 
-2.2930 0.0957 -0.1125 0.0284 0.5829 -0.2544 0.1005 -0.0427 -0.0417 -0.1239 -0.0278 0.1171 0.0707 0.1916 
-2.3937 0.1397 -0.1431 -0.2163 0.3381 0.7122 0.7004 -0.0282 -0.0479 -0.0669 -0.0367 -0.1185 0.0307 0.1067 
-2.2699 0.1184 -0.3048 -0.3752 0.3981 -0.1033 0.4241 0.0424 0.0007 0.0077 -0.0520 -0.0500 0.0294 -0.0948 
-2.2885 0.0639 -0.0862 -0.4860 -0.1039 0.0440 0.3790 -0.0268 -0.0425 -0.0335 0.0145 0.0268 -0.0483 -0.1123 
-2.1338 0.1370 -0.1024 -0.0966 0.5541 0.2266 -0.2129 -0.0314 -0.0132 0.0454 0.0557 -0.0348 0.0885 -0.0086 
-2.5957 -0.0820 -0.4119 -0.2829 0.3944 0.3057 0.4572 0.0154 0.0241 0.0472 0.0649 -0.0120 0.0210 0.0664 
-2.2734 0.1255 0.0852 -0.1981 -0.0249 0.2082 0.3420 -0.0008 0.0127 -0.0256 -0.0693 -0.1957 -0.1361 0.0801 
-2.1419 0.1903 0.0563 -0.1110 0.1256 0.1584 0.4333 0.0611 0.0673 0.0385 -0.1043 -0.1010 -0.0578 -0.0420 
-2.3647 0.0643 -0.4643 -0.5290 -0.2899 -0.3804 0.1994 -0.0600 0.0300 -0.0377 0.0119 0.1020 -0.0047 -0.0474 
-2.2447 0.2853 0.0551 -0.6389 0.0218 0.3112 0.3183 -0.0576 -0.0050 -0.0642 0.0547 0.1807 0.0403 -0.0012 
-2.5220 0.2280 -0.1025 0.1256 0.5368 0.1081 0.1626 -0.0269 -0.0170 -0.0204 0.0315 0.1519 0.0438 -0.0707 
-2.3514 0.0836 -0.4454 -0.1647 0.6159 0.1158 0.4459 -0.0733 -0.0681 -0.1141 -0.0204 0.0519 -0.0302 -0.0654 
-2.4460 0.0799 -0.3161 -0.6084 0.1725 -0.0636 -0.2179 -0.0320 -0.0391 -0.0486 -0.1252 -0.0938 0.0077 -0.0686 
-2.6494 0.0188 -0.4084 -0.3738 0.4634 0.2461 0.1814 -0.0479 -0.0461 0.0037 -0.0231 -0.0863 -0.0068 -0.1397 
-2.5331 0.0651 -0.3641 -0.3959 0.1441 0.0814 -0.0481 0.0110 0.0081 0.0484 0.0333 -0.0561 0.0072 0.0444 
-2.5476 -0.1394 -0.4029 -0.3862 0.1988 0.0094 -0.3374 0.0227 0.0146 0.0926 0.0157 -0.1035 0.0312 0.0155 
-2.4418 0.1993 -0.0771 -0.4359 0.0241 0.0906 0.2638 -0.0192 -0.0035 0.0360 -0.0117 0.0171 0.0003 0.1709 
-2.5814 0.0249 -0.0891 -0.2753 0.0059 0.3974 0.1028 -0.0509 -0.0192 -0.0017 -0.0420 0.0956 -0.0586 0.1190 
-2.6122 -0.0345 -0.3409 -0.5099 0.3262 -0.1110 0.5862 0.0176 -0.0371 -0.0643 -0.0248 0.1636 -0.0795 0.0868 
-2.7168 -0.1188 -0.2794 -0.5590 0.5256 -0.1828 0.0966 0.0965 -0.0498 0.0022 -0.0464 0.0218 -0.1594 0.0610 
-2.2861 0.0855 -0.3033 -0.4179 0.5824 -0.0166 0.7008 0.0672 -0.0659 0.0332 0.0033 -0.0086 0.1005 -0.0533 
-2.2619 -0.2842 -0.0967 -0.5535 -0.0131 -0.4467 0.3504 0.0196 -0.0340 0.0294 -0.0563 -0.1277 0.0117 -0.0209 
-2.5035 -0.2814 -0.2662 -0.4959 0.5528 0.5237 0.1927 -0.0308 0.0078 -0.0275 -0.0066 -0.1185 -0.0549 -0.0821 
-2.5100 -0.1053 -0.1510 -0.8014 -0.0979 -0.3947 0.2463 -0.0612 0.0751 -0.0452 0.0503 -0.0335 -0.0619 -0.0688 
-2.3163 0.0351 -0.4135 -0.3267 0.0323 -0.3173 0.3425 -0.0171 0.0333 -0.0818 0.0726 -0.0266 -0.1209 -0.0127 
-2.6616 -0.0672 -0.2492 -0.3867 0.0796 -0.3355 -0.0686 -0.0286 0.0088 -0.0211 0.0321 0.0424 0.1030 0.0340 
-2.5133 -0.1342 -0.6260 -0.3402 0.3310 -0.1106 0.2867 -0.0052 0.0131 -0.0045 0.0020 0.0022 0.0183 -0.0252 
-2.5546 0.0235 -0.1505 -0.6341 -0.0354 0.0170 0.4441 0.0409 0.0422 0.0097 0.0200 0.0285 -0.1173 -0.0320 
-2.3958 0.0552 -0.4851 -0.1929 0.1009 -0.4021 -0.0396 0.0033 0.0393 0.0589 0.0233 0.0385 -0.2125 -0.1213 
-2.5160 0.0493 -0.2710 -0.3605 0.3371 -0.7763 -0.0652 -0.0043 0.0046 -0.0027 0.0380 0.0981 -0.1961 -0.1044 
